Time Stamp: 2016-07-15 11:09:15 GMT+03:00
JPY: 0.704842
UGX: 0.030303030303030304
NGN: 3.2344
ZAR: 6.2344
